%YAML:1.0
---
CameraExtrinsicMat: !!opencv-matrix
   rows: 4
   cols: 4
   dt: d
   data: [ -7.0848435894302009e-02, -5.8641320532796248e-03,
       9.9746985472574168e-01, 2.0598331680859749e-01,
       -9.9728843984604965e-01, 2.0372685766117726e-02,
       -7.0715779173440241e-02, 1.9088199198597119e-01,
       -1.9906453244178890e-02, -9.9977525756038599e-01,
       -7.2916040279618066e-03, -9.9659276944946112e-02, 0., 0., 0., 1. ]
CameraMat: !!opencv-matrix
   rows: 3
   cols: 3
   dt: d
   data: [ 6.0758106181038113e+02, 0., 3.1627546881663488e+02, 0.,
       6.0577856735501007e+02, 2.3898340301627437e+02, 0., 0., 1. ]
DistCoeff: !!opencv-matrix
   rows: 1
   cols: 5
   dt: d
   data: [ 3.6818505820033411e-02, 4.6592534742578656e-01,
       -1.6262901137813549e-03, -4.7944938146890726e-03,
       -1.7277458854840679e+00 ]
ImageSize: [ 640, 480 ]
ReprojectionError: 4.0695213645846490e-01
