%YAML:1.0
---
CameraExtrinsicMat: !!opencv-matrix
   rows: 4
   cols: 4
   dt: d
   data: [ 1.9710408590386086e-02, 2.3858631625768623e-02,
       9.9952101803321058e-01, 2.0536177718756179e-01,
       -9.9973603165929525e-01, 1.2274624838022885e-02,
       1.9421652535510647e-02, 1.4923398605308282e-02,
       -1.1805371460667846e-02, -9.9963998483555638e-01,
       2.4094271573218196e-02, -1.5850458879648860e-01, 0., 0., 0., 1. ]
CameraMat: !!opencv-matrix
   rows: 3
   cols: 3
   dt: d
   data: [ 6.0316751675943692e+02, 0., 3.1360566001934603e+02, 0.,
       6.0120485215288875e+02, 2.3214887665712467e+02, 0., 0., 1. ]
DistCoeff: !!opencv-matrix
   rows: 1
   cols: 5
   dt: d
   data: [ 8.2630037633919500e-03, 1.0497064131198184e+00,
       -7.1480292903032426e-03, -6.3806527605774358e-03,
       -4.9197626454227725e+00 ]
ImageSize: [ 640, 480 ]
ReprojectionError: 2.7939024732154810e-01
